 j           ha          z0d           dd           g2           g3          cc1          cc2        corb1        corb2
 2   3.62800000   0.09401328   1.61634822   0.94889986   0.94889986 190.30903937 140.26208110  24.85314652 424.54412247
 2   3.63100000   0.16457344   2.20604723   0.81823530   0.81823530  99.54349957 132.49227880  24.34088682 240.13173504
 2   3.64900000   0.19309491   2.62387759   0.81586566   0.81586566  70.00551322 140.80337994  17.74889642 264.63665804
 2   3.66400000   0.21596376   2.91007037   0.81384459   0.81384459  54.97681835 148.85592367  13.97717353 285.97150400
 2   3.67900000   0.23476562   3.12234955   0.81211372   0.81211372  45.81706160 156.72775897  11.56626472 304.54169764
 2   3.69100000   0.25051646   3.28848350   0.81061847   0.81061847  39.62155705 164.43330203   9.90243307 321.89798088
 2   3.69700000   0.29178656   3.37583622   0.77544114   0.77544114  34.73869572 163.22414500   9.74552647 270.16955328
 2   3.70600000   0.31084028   3.47915202   0.76851004   0.76851004  31.28364227 168.31805591   8.87477354 270.48104496
 2   3.71500000   0.32774643   3.56772808   0.76297005   0.76297005  28.56860260 173.45193450   8.16290744 271.63649489
 2   3.72700000   0.34284681   3.64500513   0.75844228   0.75844228  26.37493884 178.63081175   7.57175677 272.47431355
 2   3.73600000   0.35641136   3.71338579   0.75467357   0.75467357  24.56287325 183.79266800   7.07215666 274.44712177
 2   3.74500000   0.36865681   3.77460514   0.75148847   0.75148847  23.03879461 188.95549858   6.64513749 276.60651186
 2   3.75100000   0.37975967   3.82995170   0.74876155   0.74876155  21.73760203 194.08881876   6.27550038 279.75381534
 2   3.76000000   0.38986552   3.88040525   0.74640077   0.74640077  20.61258670 199.24324393   5.95336022 282.07339973
 2   3.76900000   0.39909568   3.92672599   0.74433706   0.74433706  19.62934364 204.39163569   5.66968384 284.39472113
 2   3.77500000   0.40755228   3.96951424   0.74251756   0.74251756  18.76195594 209.50596316   5.41754912 287.62883047
 2   3.78400000   0.41532200   4.00925138   0.74090112   0.74090112  17.99051879 214.64150674   5.19260089 289.89211364
 2   3.79000000   0.42247897   4.04632872   0.73945521   0.73945521  17.29948424 219.74281312   4.99001033 293.06709385
 2   3.79900000   0.42908702   4.08106820   0.73815381   0.73815381  16.67652551 224.86709337   4.80709158 295.21057306
 2   3.80200000   0.45115179   4.09626531   0.72703760   0.72703760  16.02867820 224.84901174   4.79405126 276.42410781
 2   3.80800000   0.45759945   4.12646546   0.72572603   0.72572603  15.51295335 229.59408816   4.64010762 278.49390097
 2   3.81400000   0.46360567   4.15505024   0.72452903   0.72452903  15.04089002 234.33560162   4.49868610 280.54406750
 2   3.82000000   0.46920909   4.18217964   0.72343242   0.72343242  14.60698361 239.07427460   4.36827494 282.56861612
 2   3.82600000   0.47444403   4.20799124   0.72242424   0.72242424  14.20662878 243.81081594   4.24759675 284.56277559
 2   3.83200000   0.47934106   4.23260416   0.72149431   0.72149431  13.83594190 248.54591245   4.13556484 286.52273458
 2   3.83800000   0.48392752   4.25612217   0.72063391   0.72063391  13.49162421 253.28022373   4.03124906 288.44544370
 2   3.84400000   0.48822794   4.27863619   0.71983557   0.71983557  13.17085496 258.01437914   3.93384859 290.32846317
 2   3.85000000   0.49226438   4.30022633   0.71909280   0.71909280  12.87120730 262.74897644   3.84267029 292.16984477
 2   3.85600000   0.49605675   4.32096348   0.71839998   0.71839998  12.59058141 267.48458134   3.75711117 293.96803933
 2   3.86200000   0.49962306   4.34091071   0.71775218   0.71775218  12.32715080 272.22172787   3.67664422 295.72182384
 2   3.86500000   0.50297966   4.36012432   0.71714510   0.71714510  12.07931896 276.92986429   3.60078254 298.50133409
 2   3.87100000   0.50614139   4.37865481   0.71657493   0.71657493  11.84568395 281.67134130   3.52918304 300.17468320
 2   3.87700000   0.50912180   4.39654763   0.71603833   0.71603833  11.62500949 286.41578702   3.46144362 301.80114742
 2   3.88300000   0.51193325   4.41384380   0.71553230   0.71553230  11.41620094 291.16361934   3.39724385 303.38033412
 2   3.88600000   0.51458705   4.43058054   0.71505421   0.71505421  11.21828548 295.88322773   3.33633678 306.02954687
 2   3.89200000   0.51709355   4.44679164   0.71460169   0.71460169  11.03039546 300.63877434   3.27840308 307.52363477
 2   3.89800000   0.51946229   4.46250792   0.71417262   0.71417262  10.85175447 305.39881916   3.22323842 308.96973567
 2   3.90100000   0.52170203   4.47775755   0.71376511   0.71376511  10.68166552 310.13101026   3.17071640 311.51911267
 2   3.90700000   0.52382083   4.49256635   0.71337743   0.71337743  10.51950110 314.90080763   3.12050372 312.87886172
 2   3.91000000   0.52582613   4.50695805   0.71300805   0.71300805  10.36469465 319.64290224   3.07260465 315.36473571
 2   3.91600000   0.52772483   4.52095450   0.71265558   0.71265558  10.21673326 324.42361751   3.02666770 316.63785323
 2   3.91900000   0.52952328   4.53457586   0.71231874   0.71231874  10.07515143 329.17672783   2.98277650 319.05945968
 2   3.92500000   0.53122740   4.54784078   0.71199641   0.71199641   9.93952564 333.96939305   2.94055810 320.24606446
 2   3.92800000   0.53284265   4.56076655   0.71168752   0.71168752   9.80946973 338.73450682   2.90016546 322.60299351
 2   3.93400000   0.53437412   4.57336924   0.71139113   0.71139113   9.68463078 343.54003922   2.86120228 323.70351210
 2   3.93700000   0.53582654   4.58566376   0.71110638   0.71110638   9.56468563 348.31803725   2.82388275 325.99563234
 2   3.94300000   0.53720432   4.59766406   0.71083247   0.71083247   9.44933774 353.13725581   2.78778628 327.01073370
 2   3.94600000   0.53851154   4.60938311   0.71056867   0.71056867   9.33831449 357.92892776   2.75318160 329.23813712
 2   3.94900000   0.53975206   4.62083307   0.71031432   0.71031432   9.23136483 362.72759929   2.71982235 331.43933144
 2   3.95500000   0.54092942   4.63202532   0.71006881   0.71006881   9.12825711 367.56862655   2.68742974 332.33164664
 2   3.95800000   0.54204698   4.64297054   0.70983159   0.70983159   9.02877727 372.38201901   2.65634630 334.46845535
 2   3.96100000   0.54310786   4.65367874   0.70960213   0.70960213   8.93272717 377.20290315   2.62631288 336.57911100
 2   3.96700000   0.54411497   4.66415935   0.70937996   0.70937996   8.83992312 382.06718108   2.59704008 337.35053305
 2   3.97000000   0.54507106   4.67442125   0.70916464   0.70916464   8.75019460 386.90370099   2.56893433 339.39745725
 2   3.97300000   0.54597868   4.68447281   0.70895577   0.70895577   8.66338305 391.74814776   2.54172251 341.41843102
 2   3.97600000   0.54684026   4.69432193   0.70875299   0.70875299   8.57934088 396.60065759   2.51535953 343.41351394
 2   3.98200000   0.54765803   4.70397609   0.70855593   0.70855593   8.49793048 401.49785048   2.48953949 344.02942987
 2   3.98500000   0.54843413   4.71344235   0.70836430   0.70836430   8.41902341 406.36707382   2.46474324 345.96196281
 2   3.98800000   0.54917055   4.72272740   0.70817780   0.70817780   8.34249965 411.24474539   2.44067791 347.86896720
 2   3.99100000   0.54986915   4.73183761   0.70799615   0.70799615   8.26824690 416.13098911   2.41730904 349.75055161
 2   3.99400000   0.55053170   4.74077898   0.70781911   0.70781911   8.19615995 421.02592711   2.39460436 351.60683588
 2   4.00000000   0.55115984   4.74955726   0.70764645   0.70764645   8.12614018 425.96704673   2.37223618 352.03598936
 2   4.00300000   0.55175515   4.75817790   0.70747795   0.70747795   8.05809499 430.87991690   2.35076431 353.83166390
 2   4.00600000   0.55231908   4.76664607   0.70731342   0.70731342   7.99193737 435.80183961   2.32987125 355.60256711
 2   4.00900000   0.55285301   4.77496672   0.70715267   0.70715267   7.92758547 440.73293454   2.30953179 357.34886076
 2   4.01200000   0.55335824   4.78314457   0.70699554   0.70699554   7.86496224 445.67332187   2.28972216 359.07071669
 2   4.01500000   0.55383600   4.79118412   0.70684187   0.70684187   7.80399507 450.62312272   2.27041995 360.76831672
 2   4.01800000   0.55428744   4.79908967   0.70669152   0.70669152   7.74461548 455.58245954   2.25160398 362.44185252
 2   4.02400000   0.55471364   4.80686532   0.70654436   0.70654436   7.68675879 460.58998245   2.23291667 362.62451535
 2   4.02700000   0.55511563   4.81451503   0.70640027   0.70640027   7.63036393 465.56893326   2.21500889 364.24089421
